0.3333333333333333 9.0 11.0 1.8333333333333333 6.1 1.3333333333333333
2.0 23.25 7.142857142857143 4.454545454545454 10.166666666666666 3.3333333333333335 4.0 8.7 2.2857142857142856 3.4
0.8888888888888888 13.6 4.8 6.222222222222222 3.142857142857143 2.8461538461538463
6.166666666666667 8.833333333333334 3.5 6.0 32.0 1.75 5.714285714285714 1.6153846153846154
0.8181818181818182 1.7777777777777777 11.666666666666666 22.666666666666668 2.5833333333333335 8.8 1.5
46.5 15.5 2.75 7.071428571428571 11.0 18.5 6.0 1.8461538461538463
6.923076923076923 2.1666666666666665 4.428571428571429 13.8 2.142857142857143 3.6666666666666665 2.3076923076923075 4.818181818181818 21.666666666666668
4.285714285714286 8.666666666666666 5.2727272727272725 11.5 12.333333333333334 0.3 4.125 40.5 75.0 87.0 13.833333333333334 37.5
9.3 0.3333333333333333 16.5 7.5 11.25 7.615384615384615 4.714285714285714 5.166666666666667 3.8666666666666667 2.888888888888889 5.0
5.2 1.25 0.1 29.5 5.846153846153846 17.8
1.4666666666666666 3.9285714285714284 3.6153846153846154 1.0 2.5454545454545454 19.5 19.0 8.818181818181818
1.0 15.5 6.25 0.75 12.125 3.1333333333333333
8.25 1.2142857142857142 0.3333333333333333 3.1 5.7272727272727275 6.333333333333333 13.8
2.9 9.0 17.25 1.8666666666666667 0.5555555555555556 0.5 4.6 0.36363636363636365 11.125 0.875
0.5384615384615384 1.75 8.333333333333334 27.333333333333332 16.0 4.769230769230769 3.4545454545454546 5.333333333333333 11.5 1.6666666666666667 14.25 9.090909090909092
